40 380
0 17
0 4
0 5
0 6
0 14
0 12
1 10
1 13
1 4
1 8
1 15
1 18
1 0
1 5
1 6
2 9
2 14
2 6
2 3
2 12
2 4
2 19
2 0
2 7
2 1
2 18
3 8
3 11
3 16
3 13
3 14
3 7
3 4
3 18
3 1
3 0
4 7
4 5
4 9
4 18
4 8
4 12
4 11
5 8
5 2
5 6
5 3
5 9
5 15
5 14
5 13
5 17
5 12
5 7
5 16
6 16
6 4
6 3
6 10
6 9
6 17
6 7
6 13
6 11
7 12
7 13
7 11
7 19
7 10
7 0
7 1
8 6
8 7
8 0
8 13
8 2
8 19
8 12
8 10
9 13
9 14
9 11
9 12
9 8
9 19
9 0
9 18
9 3
9 7
9 1
10 2
10 18
10 0
10 19
10 3
10 9
10 14
10 15
10 5
10 4
10 11
10 16
11 17
11 1
11 5
11 0
11 15
11 8
11 2
11 19
11 14
12 6
12 11
12 3
12 17
12 1
12 13
12 10
13 15
13 2
13 11
13 0
13 18
13 10
13 4
13 16
14 8
14 4
14 13
14 15
14 6
14 12
14 7
14 16
14 1
15 2
15 19
15 4
15 8
15 6
15 0
15 3
15 17
15 7
15 12
15 9
16 2
16 0
16 7
16 4
16 15
16 9
16 18
16 8
16 17
16 1
16 11
16 12
17 14
17 4
17 13
17 10
17 2
17 7
17 3
17 18
17 1
17 8
17 9
18 11
18 6
18 14
18 8
18 15
18 7
18 5
18 0
18 12
19 16
19 13
19 18
19 5
19 0
19 6
19 3
19 12
19 4
19 14
19 17
19 1
20 21
20 33
20 29
20 25
20 28
20 27
20 34
21 28
21 27
21 35
21 39
21 36
21 23
21 34
22 32
22 39
22 21
22 31
22 20
22 28
22 33
22 26
22 25
23 22
23 35
23 31
23 37
23 38
23 29
23 20
23 32
23 28
24 22
24 36
24 30
24 28
24 29
24 20
24 32
24 26
24 35
24 27
24 21
24 37
24 23
25 39
25 29
25 33
25 28
25 21
25 30
25 23
25 24
25 37
25 32
26 21
26 31
26 20
26 30
26 38
26 25
26 35
26 37
26 33
26 28
26 23
27 22
27 25
27 30
27 36
27 23
27 39
27 26
27 38
28 32
28 29
28 38
28 34
28 39
28 27
29 39
29 22
29 21
29 27
29 30
29 35
29 36
29 38
29 26
30 21
30 28
30 22
30 36
30 32
30 23
30 37
30 35
30 39
30 20
31 21
31 25
31 24
31 20
31 38
31 39
31 29
31 30
31 27
31 28
32 21
32 20
32 33
32 31
32 27
32 29
32 26
32 39
32 36
33 29
33 30
33 35
33 31
33 28
33 21
33 37
33 39
33 27
33 23
33 24
34 27
34 31
34 30
34 23
34 32
34 22
34 39
34 26
34 25
34 24
34 36
34 37
34 29
34 33
35 27
35 22
35 34
35 31
35 32
35 28
35 25
35 38
35 20
36 20
36 23
36 28
36 31
36 38
36 25
36 22
36 26
36 37
36 33
36 35
37 31
37 20
37 28
37 32
37 27
37 29
37 35
37 21
37 22
38 24
38 21
38 30
38 33
38 39
38 20
38 22
38 37
38 32
38 25
38 34
39 36
39 37
39 20
39 23
39 35
39 26
39 24