30 256
0 10
0 20
0 23
0 24
0 2
0 16
0 18
1 7
1 13
1 9
1 15
1 3
1 21
1 6
1 26
1 12
2 22
2 23
2 14
2 26
2 9
2 6
2 7
2 19
3 6
3 27
3 21
3 23
3 25
3 2
3 9
3 17
3 26
3 4
4 17
4 0
4 22
4 14
4 6
4 27
4 7
4 12
4 28
5 12
5 21
5 16
5 24
5 8
5 15
6 5
6 22
6 9
6 2
6 24
6 26
7 4
7 24
7 13
7 5
7 21
7 8
7 10
7 0
7 18
8 20
8 21
8 26
8 15
8 16
8 1
8 27
8 9
8 19
9 16
9 2
9 11
9 0
9 12
9 10
9 20
9 7
9 15
9 19
10 6
10 25
10 28
10 4
10 0
10 27
10 5
10 24
10 21
10 20
10 9
11 28
11 24
11 21
11 12
11 0
11 22
11 8
11 29
12 28
12 29
12 19
12 24
12 13
12 0
12 1
12 22
12 21
12 16
13 26
13 19
13 2
13 4
13 28
13 6
13 20
13 15
14 13
14 29
14 0
14 23
14 24
14 21
14 25
15 5
15 4
15 20
15 26
15 22
15 13
15 19
15 24
16 18
16 6
16 9
16 4
16 15
16 29
17 25
17 9
17 5
17 8
17 23
17 18
17 26
17 13
17 1
18 26
18 7
18 27
18 11
18 2
18 20
18 10
18 25
18 24
19 15
19 17
19 0
19 20
19 21
19 23
20 22
20 12
20 16
20 5
20 8
20 18
20 10
21 4
21 13
21 16
21 17
21 6
21 26
21 10
21 20
21 27
21 1
21 24
22 3
22 6
22 28
22 20
22 23
22 12
22 8
22 25
22 1
22 2
22 0
23 20
23 13
23 25
23 22
23 6
24 5
24 19
24 12
24 17
24 27
24 11
24 26
24 21
24 2
25 16
25 0
25 3
25 28
25 2
25 5
25 18
25 11
25 17
25 10
25 6
25 13
26 24
26 25
26 15
26 12
26 21
26 19
27 18
27 9
27 24
27 26
27 5
27 23
27 28
27 25
28 4
28 21
28 16
28 5
28 6
28 27
28 22
28 0
28 1
28 26
28 19
29 5
29 7
29 6
29 3
29 25
29 22
29 9
29 14
29 20
29 18
29 0