64 128
0 50
0 15
1 20
1 59
2 8
3 38
3 50
3 18
4 63
6 47
6 16
6 7
7 55
7 38
8 13
9 3
9 14
9 54
9 39
10 25
10 52
11 10
12 51
13 33
13 18
14 10
14 63
14 0
15 44
15 42
17 32
17 6
17 40
17 19
18 9
18 22
19 6
19 60
21 7
21 62
21 38
21 22
22 34
22 14
22 25
25 23
25 43
26 45
28 36
29 45
29 57
29 19
29 55
29 17
30 25
30 9
31 61
32 58
32 35
32 22
32 27
32 25
34 2
34 54
34 19
34 3
34 6
35 31
36 18
37 36
37 57
38 14
38 54
39 36
39 4
39 38
39 27
39 24
39 55
39 8
40 12
40 63
41 3
41 35
41 24
42 21
42 26
42 59
43 53
43 34
44 42
44 37
44 10
45 39
45 52
45 15
46 5
46 39
48 46
49 56
49 45
49 27
50 51
50 2
51 49
52 31
52 3
52 22
52 63
54 36
54 30
55 11
55 29
56 43
56 8
56 48
56 34
57 4
57 31
58 45
58 54
59 36
59 57
60 10
61 30
62 14
63 10
63 46